------------------------------------------------
IEEE 14 BUS SYSTEM
Author:
URL:
------------------------------------------------

-------------------------------------------------
BEGGINING ACTIVE POWER MEASURES
-------------------------------------------------
001 001  1.80594800 0.030000000
002 002  1.11073600 0.030000000 
003 003 -0.83736400 0.030000000
004 004 -0.54681700 0.030000000
006 006 -0.14820600 0.030000000
007 007 -0.00787700 0.030000000
008 008 -0.01170700 0.030000000
009 009 -0.42027000 0.030000000
010 010 -0.10810200 0.030000000
012 012 -0.06154700 0.030000000
014 014 -0.09695800 0.030000000
001 002  1.04655300 0.030000000
001 005  0.76061200 0.030000000
003 002 -0.76371400 0.030000000
005 002 -0.59973000 0.030000000
004 003  0.10381700 0.030000000
004 005 -0.49412400 0.030000000
009 004 -0.21505800 0.030000000
006 005 -0.49275000 0.030000000
006 011  0.11649100 0.030000000
006 012  0.07494900 0.030000000
012 006 -0.07171200 0.030000000
006 013  0.61107200 0.030000000
007 008 -0.00617400 0.030000000
008 007  0.00708300 0.030000000
009 007 -0.37474600 0.030000000
010 009 -0.10814600 0.030000000
010 011 -0.02490500 0.030000000
012 013  0.00790000 0.030000000
014 013 -0.05432000 0.030000000 
-999
-------------------------------------------------
BEGGINING REACTIVE POWER MEASURES
-------------------------------------------------
001 001 -0.02778300 0.03000000
002 002  0.33928200 0.03000000
003 003  0.18698100 0.03000000
004 004  0.05278300 0.03000000
006 006 -0.04180000 0.03000000
007 007  0.01238300 0.03000000
008 008  0.15757700 0.03000000
009 009 -0.16970700 0.03000000
010 010 -0.06062300 0.03000000
012 012 -0.00919600 0.03000000
014 014 -0.04331000 0.03000000
001 002 -0.15304800 0.03000000
001 005  0.12719000 0.03000000
003 002  0.07279100 0.03000000
005 002 -0.06191700 0.03000000
004 003 -0.14747300 0.03000000
004 005  0.20031400 0.03000000
009 004 -0.00347000 0.03000000
006 005 -0.15880200 0.03000000
006 011  0.02047200 0.03000000
006 012  0.02323900 0.03000000
006 013  0.50866000 0.03000000
012 006 -0.00532100 0.03000000
006 013  0.50866000 0.03000000
007 008 -0.16840800 0.03000000
008 007  0.17495300 0.03000000
009 007 -0.07540700 0.03000000
010 009 -0.06477500 0.03000000
010 011  0.00545000 0.03000000
012 013  0.00826900 0.03000000
014 013  0.01559600 0.03000000
-999
-------------------------------------------------
BEGGINING VOLTAGE MEASURES
------------------------------------------------- 
001      1.05169800 0.010000000
-999
-------------------------------------------------
BEGGINING AVAILABLE PSEUDO-MEASURES (IN ORDER OF PRIORITY)
fro to   P          wP        Q         wQ
------------------------------------------------- 
012 012  1          0.1       1         0.1
008 007  2          0.1       2         0.1
011 006  3          0.1       3         0.1
007 009  4          0.1       4         0.1
002 002  5          0.1       5         0.1
-999
END OF FILE
